0.000000000000 0.342020143326 0.642787609687 0.866025403784 0.984807753012 0.984807753012 0.866025403784 0.642787609687 0.342020143326 0.000000000000
0.063846608091 0.336434175974 0.557149205770 0.709648608973 0.776463608039 0.749622707915 0.632393839994 0.439040923590 0.193549176389 -0.070908319106
0.101989510255 0.312593509667 0.473370308492 0.574572818624 0.606132682276 0.564573620368 0.455047560824 0.291145098369 0.093743542983 -0.112281510992
0.120944886596 0.280289211352 0.395502360095 0.460051837567 0.468516533166 0.420457972748 0.321954967827 0.185361520703 0.027750138755 -0.132047828923
0.126518676437 0.244936433338 0.325776191208 0.364500441601 0.358552496018 0.309351365353 0.223186169480 0.110793398765 -0.014136874630 -0.137077733413
0.123309581876 0.209771206518 0.265018893304 0.285896346365 0.271597291830 0.224538318639 0.150729014180 0.059248470046 -0.038979740067 -0.132656168350
0.114756144071 0.176695688175 0.213180069855 0.222044510082 0.203519459779 0.160439552735 0.098265472226 0.024550020386 -0.052013372511 -0.122636638450
0.103325900212 0.146737130712 0.169700754835 0.170765629217 0.150735987528 0.112502592394 0.060864700932 0.002034505781 -0.057095551533 -0.109724824386
0.090722549001 0.120343872473 0.133756445632 0.130016879359 0.110205792555 0.077061584789 0.034704056377 -0.011804997957 -0.057030852438 -0.095751691406
0.078071583348 0.097589402195 0.104414427017 0.097958418565 0.079392355542 0.051194773113 0.016839533507 -0.019584915815 -0.053822705733 -0.081902283960
0.066073902068 0.078315477463 0.080732705460 0.072980902006 0.056209931879 0.032594259504 0.005020790404 -0.023236684462 -0.048871938842 -0.068896829364
