222
1.000000000000 0.993712209893 0.974927912182 0.943883330308 0.900968867902 0.846724199228 0.781831482468 0.707106781187 0.623489801859 0.532032076515 0.433883739118 0.330279061955 0.222520933956 0.111964476103 0.000000000000
0.888245261142 0.882687071156 0.866009363573 0.838432988480 0.800309628619 0.752121072418 0.694474505277 0.628095439154 0.553818857139 0.472578854217 0.385396970778 0.293369394535 0.197653205806 0.099451846536 0.000000000000
0.778963396362 0.774087785874 0.759459619246 0.735272087166 0.701834667275 0.659570809464 0.609013589360 0.550799563360 0.485661084139 0.414417280133 0.337963869872 0.257261970213 0.173326056458 0.087211235775 0.000000000000
0.674116776528 0.669883666116 0.657214869601 0.636275780981 0.607333749061 0.570755177045 0.527001403163 0.476623270333 0.420254454159 0.358603663361 0.292445838514 0.222612479849 0.149981239202 0.075464915796 0.000000000000
0.575173511076 0.571542414556 0.560719522385 0.542844421338 0.518144347642 0.486931420749 0.449598928139 0.406616587563 0.358524807022 0.305928011064 0.249487125315 0.189911323486 0.127949148887 0.064379128216 0.000000000000
0.483173756245 0.480102081853 0.470995062662 0.455968747673 0.435213110856 0.408989672921 0.377628301357 0.341523168186 0.301127886939 0.256949881189 0.209544056294 0.159505858013 0.107463809656 0.054071625173 0.000000000000
0.398792326325 0.396235518494 0.388703464698 0.376290913653 0.359153769123 0.337507149763 0.311622727873 0.281825360269 0.248489043201 0.212032239205 0.172912635566 0.131621402446 0.088677024985 0.044618788535 0.000000000000
0.322396941945 0.320309235852 0.314205310215 0.304160772785 0.290300769250 0.272798458213 0.251872858677 0.227786103999 0.200840143785 0.171372940361 0.139754210923 0.106380770603 0.071671535707 0.036062249993 0.000000000000
0.254101681475 0.252437023846 0.247612686283 0.239687203633 0.228758280134 0.214961628575 0.198469266645 0.179487324247 0.158253411524 0.135033592386 0.110119006255 0.083822181425 0.056473085567 0.028414961633 0.000000000000
0.193815396784 0.192528358547 0.188836885926 0.182784403051 0.174444426390 0.163919695540 0.151340837581 0.136864645818 0.120672028515 0.102965666745 0.083967413572 0.063915465626 0.043061339720 0.021666689561 0.000000000000
0.141285015933 0.140331635153 0.137630969488 0.133213176478 0.127130743108 0.119457796091 0.110289032807 0.099738384811 0.087937464472 0.075033819428 0.061189012374 0.046576543990 0.031379639497 0.015788922210 0.000000000000
0.096133786001 0.095472343350 0.093627317136 0.090617339785 0.086476944497 0.081255858845 0.075018084313 0.067840866865 0.059813571484 0.051036456230 0.041619344241 0.031680198247 0.021343607431 0.010739200308 0.000000000000
0.057894612439 0.057486408487 0.056370382431 0.054555416710 0.052061172285 0.048917037254 0.045161261827 0.040840197321 0.036007554431 0.030723634981 0.025054517481 0.019071191119 0.012848640487 0.006464887571 0.000000000000
0.026038730238 0.025849071809 0.025344924427 0.024527858115 0.023405938175 0.021992095658 0.020303410042 0.018360664524 0.016187976939 0.013812440563 0.011263751999 0.008573819004 0.005776347537 0.002906410226 0.000000000000
0.000000000000 0.000000000000 0.000000000000 0.000000000000 0.000000000000 0.000000000000 0.000000000000 0.000000000000 0.000000000000 0.000000000000 0.000000000000 0.000000000000 0.000000000000 0.000000000000 0.000000000000
